Parameters for this run: 
MM = 256.000000 
t_end = 1.000000 
factor = 0.960000 
dtout = 1.000000 
D = 0.100000 
a = 0.000000 
b = 1.000000 
 
Number of workers = 8
 
# U, u_exact, error at time = 1.000048828125
1.000000000000000000e+00 1.000000000000000000e+00 0.000000000000000000e+00
9.965155303384183316e-01 9.965154787326485630e-01 5.160576976859232445e-08
9.895468568222827166e-01 9.895467020260804158e-01 1.547962023007443122e-07
9.825789806664038117e-01 9.825787227430793358e-01 2.579233244759393529e-07
9.756124332415585521e-01 9.756120722965891945e-01 3.609449693575683682e-07
9.686477456145125009e-01 9.686472817954842052e-01 4.638190282957310728e-07
9.616854484265795477e-01 9.616848819231030854e-01 5.665034764623655406e-07
9.547260717723400347e-01 9.547254028159460892e-01 6.689563939454856722e-07
9.477701450785713799e-01 9.477693739425796515e-01 7.711359917283999721e-07
9.408181969834296110e-01 9.408173239827964940e-01 8.730006331170159228e-07
9.338707552159342118e-01 9.338697807070759360e-01 9.745088582757688300e-07
9.269283464757968050e-01 9.269272708563902619e-01 1.075619406543104617e-06
9.199914963136432977e-01 9.199903200224032185e-01 1.176291240079230249e-06
9.130607290116725672e-01 9.130594525281066076e-01 1.276483565959551925e-06
9.061365674647974267e-01 9.061351913089377152e-01 1.376155859711403195e-06
8.992195330623136140e-01 8.992180577944263176e-01 1.475267887296460856e-06
8.923101455701389906e-01 8.923085717904117864e-01 1.573779727204183132e-06
8.854089230136713562e-01 8.854072513618783669e-01 1.671651792989337082e-06
8.785163815613045157e-01 8.785146127164493723e-01 1.768844855143392181e-06
8.716330354086491150e-01 8.716311700885869262e-01 1.865320062188757788e-06
8.647593966635003238e-01 8.647574356245379956e-01 1.961038962328132129e-06
8.578959752315955534e-01 8.578939192680707926e-01 2.055963524760784367e-06
8.510432787032047308e-01 8.510411286470451753e-01 2.150056159555546742e-06
8.442018122405950953e-01 8.441995689608555731e-01 2.243279739522208160e-06
8.373720784664112626e-01 8.373697428687927324e-01 2.335597618530194097e-06
8.305545773530140785e-01 8.305521503793609206e-01 2.426973653157915578e-06
8.237498061128148974e-01 8.237472887405941080e-01 2.517372220789404480e-06
8.169582590896494745e-01 8.169556523314098762e-01 2.606758239598327975e-06
8.101804276512277747e-01 8.101777325540411301e-01 2.695097186644623832e-06
8.034168000827006662e-01 8.034140177275839179e-01 2.782355116748291834e-06
7.966678614813801351e-01 7.966649929827006593e-01 2.868498679475806057e-06
7.899340936526531021e-01 7.899311401575146441e-01 2.953495138457995495e-06
7.832159750071229221e-01 7.832129376947365440e-01 3.037312386378054896e-06
7.765139804590178718e-01 7.765108605400543595e-01 3.119918963512269272e-06
7.698285813259002630e-01 7.698253800418275450e-01 3.201284072718024731e-06
7.631602452297129302e-01 7.631569638521171761e-01 3.281377595754086940e-06
7.565094359991966222e-01 7.565060758290877985e-01 3.360170108823723467e-06
7.498766135737117144e-01 7.498731759408150399e-01 3.437632896674536198e-06
7.432622339084989926e-01 7.432587201705307400e-01 3.513737968252605981e-06
7.366667488814087061e-01 7.366631604233400132e-01 3.588458068692901293e-06
7.300906062011330855e-01 7.300869444344382231e-01 3.661766694862400584e-06
7.235342493169698574e-01 7.235305156788628400e-01 3.733638107017434038e-06
7.169981173301481769e-01 7.169943132828071608e-01 3.804047341016136841e-06
7.104826449067466188e-01 7.104787719365258658e-01 3.872970220752947057e-06
7.039882621922295414e-01 7.039843218088600585e-01 3.940383369482880482e-06
6.975153947276322430e-01 6.975113884634118744e-01 4.006264220368649376e-06
6.910644633674181136e-01 6.910603927763915300e-01 4.070591026583691985e-06
6.846358841990366484e-01 6.846317508561651222e-01 4.133342871526224371e-06
6.782300684642056376e-01 6.782258739645280476e-01 4.194499677590002307e-06
6.718474224819415141e-01 6.718431684397268011e-01 4.254042214713038561e-06
6.654883475733619491e-01 6.654840356212532448e-01 4.311952108704275588e-06
6.591532399882824578e-01 6.591488717764336647e-01 4.368211848793102092e-06
6.528424908336277754e-01 6.528380680288337068e-01 4.422804794068646572e-06
6.465564860036799866e-01 6.465520102884998455e-01 4.475715180141115468e-06
6.402956061121818365e-01 6.402910791840565885e-01 4.526928125248019796e-06
6.340602264263134336e-01 6.340556499966787385e-01 4.576429634695067250e-06
6.278507168025622143e-01 6.278460925959562511e-01 4.624206605963188110e-06
6.216674416244999390e-01 6.216627713776673447e-01 4.670246832594315833e-06
6.155107597424852584e-01 6.155060452034770702e-01 4.714539008188189939e-06
6.093810244153048394e-01 6.093762673425763277e-01 4.757072728511779758e-06
6.032785832537683746e-01 6.032737854152743218e-01 4.797838494052797387e-06
5.972037781662691280e-01 5.971989413385572210e-01 4.836827711907076832e-06
5.911569453063237889e-01 5.911520712736266780e-01 4.874032697110841639e-06
5.851384150221002889e-01 5.851335055754274261e-01 4.909446672862749494e-06
5.791485118079464645e-01 5.791435687441759406e-01 4.943063770523892231e-06
5.731875542579265570e-01 5.731825793788971612e-01 4.974879029395751218e-06
5.672558550213750994e-01 5.672508501329796005e-01 5.004888395498952036e-06
5.613537207604738510e-01 5.613486876717546092e-01 5.033088719241796127e-06
5.554814521098609958e-01 5.554763926321063527e-01 5.059477754643104674e-06
5.496393436382736031e-01 5.496342595841188228e-01 5.084054154780304202e-06
5.438276838122326762e-01 5.438225769947626631e-01 5.106817470013069737e-06
5.380467549617695688e-01 5.380416271936272476e-01 5.127768142321187383e-06
5.322968332481994302e-01 5.322916863406966792e-01 5.146907502751041363e-06
5.265781886339426787e-01 5.265730243961772583e-01 5.164237765420409687e-06
5.208910848543925054e-01 5.208859050923710932e-01 5.179762021412237516e-06
5.152357793918328488e-01 5.152305859075982930e-01 5.193484234555789669e-06
5.096125234513997349e-01 5.096073180421671900e-01 5.205409232544866427e-06
5.040215619390896462e-01 5.040163463963879265e-01 5.215542701719755314e-06
4.984631334418067050e-01 4.984579095506277424e-01 5.223891178962603021e-06
4.929374702094482807e-01 4.929322397474052986e-01 5.230462042982164661e-06
4.874447981390218620e-01 4.874395628755151533e-01 5.235263506708776049e-06
4.819853367607884187e-01 4.819800984561809498e-01 5.238304607468879937e-06
4.765592992264246486e-01 4.765540596312267674e-01 5.239595197881197208e-06
4.711668922991983366e-01 4.711616531532621943e-01 5.239145936142275417e-06
4.658083163461448906e-01 4.658030793778704659e-01 5.236968274424658176e-06
4.604837653322401692e-01 4.604785322577902296e-01 5.233074449939589812e-06
4.551934268165548358e-01 4.551881993390833880e-01 5.227477471447805613e-06
4.499374819503830780e-01 4.499322617592738105e-01 5.220191109267524610e-06
4.447161054773308697e-01 4.447108942474484738e-01 5.211229882395862489e-06
4.395294657353531198e-01 4.395242651263076006e-01 5.200609045519222207e-06
4.343777246607249398e-01 4.343725363161476949e-01 5.188344577244929923e-06
4.292610377939329314e-01 4.292558633407674851e-01 5.174453165446291081e-06
4.241795542874726155e-01 4.241743953352776764e-01 5.158952194939114833e-06
4.191334169155337408e-01 4.191282750558018577e-01 5.141859731883080542e-06
4.141227620855597036e-01 4.141176388910490225e-01 5.123194510681106095e-06
4.091477198516613178e-01 4.091426168757423820e-01 5.102975918935825916e-06
4.042084139298682266e-01 4.042033327058862646e-01 5.081223981961979774e-06
3.993049617151990249e-01 3.992999037558518927e-01 5.057959347132268135e-06
3.944374743005301109e-01 3.944324410972600559e-01 5.033203270055075507e-06
3.896060564972434470e-01 3.896010495196475798e-01 5.006977595867212472e-06
3.848108068576326368e-01 3.848058275528869476e-01 4.979304745689194789e-06
3.800518176990448915e-01 3.800468674913470846e-01 4.950207697806963125e-06
3.753291751297387902e-01 3.753242554197664393e-01 4.919709972350805316e-06
3.706429590764319104e-01 3.706380712408174904e-01 4.887835614419966390e-06
3.659932433135188456e-01 3.659883887043430262e-01 4.854609175819479816e-06
3.613800954939323518e-01 3.613752754382338894e-01 4.820055698462333282e-06
3.568035771816249757e-01 3.567987929809287584e-01 4.784200696217322246e-06
3.522637438856463521e-01 3.522589968155082074e-01 4.747070138144682261e-06
3.477606450957886342e-01 3.477559364053599555e-01 4.708690428678607987e-06
3.432943243197769112e-01 3.432896552313852157e-01 4.669088391695552787e-06
3.388648191219753025e-01 3.388601908307247168e-01 4.628291250585725436e-06
3.344721611635836367e-01 3.344675748369732027e-01 4.586326610434010576e-06
3.301163762442962391e-01 3.301118330218565378e-01 4.543222439701288806e-06
3.257974843453947944e-01 3.257929853383437768e-01 4.499007051017578362e-06
3.215154996742481952e-01 3.215110459651655539e-01 4.453709082641310602e-06
3.172704307101889554e-01 3.172660233527082596e-01 4.407357480695761609e-06
3.130622802517380454e-01 3.130579202702598041e-01 4.359981478241348185e-06
3.088910454651485615e-01 3.088867338545702168e-01 4.311610578344726719e-06
3.047567179342379751e-01 3.047524556597042134e-01 4.262274533761711837e-06
3.006592837114794303e-01 3.006550717081507562e-01 4.212003328674107649e-06
2.965987233703208936e-01 2.965945625431617438e-01 4.160827159149782517e-06
2.925750120587018999e-01 2.925709032822870759e-01 4.108776414823989143e-06
2.885881195537365329e-01 2.885840636720777841e-01 4.055881658748816676e-06
2.846380103175316645e-01 2.846340081439213687e-01 4.002173610295756134e-06
2.807246435541084217e-01 2.807206958709852485e-01 3.947683123173284514e-06
2.768479732673958527e-01 2.768440808262258024e-01 3.892441170050275900e-06
2.730079483202641488e-01 2.730041118414430201e-01 3.836478821128697092e-06
2.692045124945656176e-01 2.692007326673395706e-01 3.779827226046972299e-06
2.654376045521512073e-01 2.654338820345550909e-01 3.722517596116414751e-06
2.617071582968301668e-01 2.617034937156460517e-01 3.664581184115167645e-06
2.580131026372396996e-01 2.580094965879731195e-01 3.606049266580146906e-06
2.543553616505934700e-01 2.543518146974677041e-01 3.546953125765917036e-06
2.507338546472740459e-01 2.507303673232436081e-01 3.487324030437832789e-06
2.471484962362386628e-01 2.471450690430194719e-01 3.427193219190938223e-06
2.435991963912040315e-01 2.435958297993237043e-01 3.366591880327174380e-06
2.400858605175779092e-01 2.400825549664422631e-01 3.305551135646123129e-06
2.366083895201046006e-01 2.366051454180817526e-01 3.244102022847972222e-06
2.331666798711909128e-01 2.331634975957144196e-01 3.182275476493190425e-06
2.297606236798808987e-01 2.297575035775686336e-01 3.120102312265116140e-06
2.263901087614450247e-01 2.263870511482358738e-01 3.057613209150877864e-06
2.230550187075526491e-01 2.230520238688599166e-01 2.994838692732537666e-06
2.197552329569934793e-01 2.197523011478759170e-01 2.931809117562300671e-06
2.164906268669171407e-01 2.164877583122644111e-01 2.868554652729615739e-06
2.132610717845566661e-01 2.132582666792935955e-01 2.805105263070650778e-06
2.100664351194051482e-01 2.100636936287095802e-01 2.741490695568060687e-06
2.069065804158118360e-01 2.069039026753504151e-01 2.677740461420885509e-06
2.037813674259670305e-01 2.037787535421454743e-01 2.613883821556139964e-06
2.006906521832426404e-01 2.006881022334704445e-01 2.549949772195914122e-06
1.976342870758577008e-01 1.976318011088301629e-01 2.485967027537894225e-06
1.946121209208364899e-01 1.946096989568285585e-01 2.421964007931487473e-06
1.916239990382287706e-01 1.916216410694060457e-01 2.357968822724876290e-06
1.886697633255602358e-01 1.886674693163020722e-01 2.294009258163587361e-06
1.857492523324832667e-01 1.857470222197211696e-01 2.230112762097169465e-06
1.828623013355964444e-01 1.828601350291653160e-01 2.166306431128361965e-06
1.800087424134033942e-01 1.800066397964056319e-01 2.102616997762263296e-06
1.771884045213805159e-01 1.771863654505645425e-01 2.039070815973431650e-06
1.744011135671236778e-01 1.743991378732738795e-01 1.975693849798343393e-06
1.716466924855449827e-01 1.716447799738838320e-01 1.912511661150695375e-06
1.689249613140903217e-01 1.689231117646934344e-01 1.849549396887306685e-06
1.662357372679484635e-01 1.662339504361709519e-01 1.786831777511599384e-06
1.635788348152243665e-01 1.635771104321380731e-01 1.724383086293412859e-06
1.609540657520471263e-01 1.609524035248895979e-01 1.662227157528395338e-06
1.583612392775865241e-01 1.583596388902196450e-01 1.600387366879063578e-06
1.558001620689493383e-01 1.557986231823299539e-01 1.538886619384394194e-06
1.532706383559298280e-01 1.532691606085885283e-01 1.477747341299684436e-06
1.507724699955864112e-01 1.507710530041171948e-01 1.416991469216366539e-06
1.483054565466200014e-01 1.483040999061790988e-01 1.356640440902667777e-06
1.458693953435267199e-01 1.458680986283389380e-01 1.296715187781849465e-06
1.434640815705008343e-01 1.434628443343771709e-01 1.237236123663443266e-06
1.410893083350624744e-01 1.410881301119231157e-01 1.178223139358669513e-06
1.387448667413857528e-01 1.387437470457932864e-01 1.119695592466385392e-06
1.364305459633034234e-01 1.364294842910018790e-01 1.061672301544414054e-06
1.341461333169645387e-01 1.341451291454270889e-01 1.004171537449805029e-06
1.318914143331215982e-01 1.318904671221033942e-01 9.472110182040527349e-07
1.296661728290255389e-01 1.296652820211242618e-01 8.908079012770464544e-07
1.274701909799049737e-01 1.274693560011276317e-01 8.349787773420658255e-07
1.253032493900096966e-01 1.253024696503440838e-01 7.797396656128441350e-07
1.231651271631955397e-01 1.231644020571878162e-01 7.251060077234638968e-07
1.210556019730314459e-01 1.210549308803681168e-01 6.710926633290981158e-07
1.189744501324071640e-01 1.189738324185033447e-01 6.177139038193724119e-07
1.169214466626231769e-01 1.169208816792131067e-01 5.649834100701633943e-07
1.148963653619422681e-01 1.148958524476757503e-01 5.129142665177832683e-07
1.128989788735852984e-01 1.128985173546250831e-01 4.615189602152902637e-07
1.109290587531519684e-01 1.109286479437777695e-01 4.108093741989060632e-07
1.089863755354495561e-01 1.089860147386627620e-01 3.607967867941264117e-07
1.070706988007120303e-01 1.070703873088431068e-01 3.114918689234302818e-07
1.051817972401929702e-01 1.051815343355121390e-01 2.629046808311219507e-07
1.033194387211163329e-01 1.033192236764453042e-01 2.150446710286191276e-07
1.014833903509690660e-01 1.014832224302945063e-01 1.679206745597294770e-07
9.967341854112067578e-02 9.967329700020888250e-02 1.215409117932830796e-07
9.788928906975516431e-02 9.788921315676823998e-02 7.591298692433134931e-08
9.613076714410104251e-02 9.613073610021249937e-02 3.104388854313633317e-08
9.439761746194605396e-02 9.439763052195726534e-02 1.306001121137434495e-08
9.268960427242343980e-02 9.268966066538064652e-02 5.639295720671899659e-08
9.100649143605726854e-02 9.100659038586611516e-02 9.894980884661563891e-08
8.934804248405471550e-02 8.934818321009763142e-02 1.407260429159284953e-07
8.771402067683405079e-02 8.771420239458205259e-02 1.817177480017972968e-07
8.610418906177680354e-02 8.610441098340415600e-02 2.219216273524615701e-07
8.451831053019449869e-02 8.451857186518840770e-02 2.613349939090126028e-07
8.295614787349896158e-02 8.295644782926980820e-02 2.999557708466271677e-07
8.141746383856768299e-02 8.141780162105549667e-02 3.377824878136870268e-07
7.990202118229468298e-02 7.990239599657389391e-02 3.748142792109332433e-07
7.840958272531865780e-02 7.840999377619928268e-02 4.110508806248747149e-07
7.693991140492054126e-02 7.694035789754638532e-02 4.464926258440637952e-07
7.549277032708279211e-02 7.549325146752738913e-02 4.811404445970168808e-07
7.406792281770376019e-02 7.406843781356053924e-02 5.149958567790546837e-07
7.266513247296040034e-02 7.266568053393152038e-02 5.480609711200346013e-07
7.128416320881357515e-02 7.128474354729197326e-02 5.803384783981124784e-07
6.992477930965022848e-02 6.992539114129892042e-02 6.118316486919406216e-07
6.858674547605771166e-02 6.858738802038333304e-02 6.425443256213858589e-07
6.726982687172533559e-02 6.727049935264806102e-02 6.724809227254269217e-07
6.597378916946951277e-02 6.597449081588580011e-02 7.016464162873381483e-07
6.469839859637842305e-02 6.469912864271998298e-02 7.300463415599312000e-07
6.344342197807345540e-02 6.344417966486037841e-02 7.576867869230063945e-07
6.220862678208435165e-02 6.220941135647006792e-02 7.845743857162745805e-07
6.099378116033615099e-02 6.099459187664979520e-02 8.107163136442108176e-07
5.979865399074574261e-02 5.979949011102536627e-02 8.361202796236533175e-07
5.862301491792701325e-02 5.862387571244764839e-02 8.607945206351441669e-07
5.746663439300328524e-02 5.746751914079661905e-02 8.847477933338065981e-07
5.632928371252673982e-02 5.633019170189679237e-02 9.079893700525420996e-07
5.521073505650461039e-02 5.521166558553192161e-02 9.305290273112221122e-07
5.411076152553243729e-02 5.411171390257429881e-02 9.523770418615185029e-07
5.302913717703502255e-02 5.303011072121677216e-02 9.735441817496082173e-07
5.196563706061629873e-02 5.196663110231525273e-02 9.940416989540068471e-07
5.092003725251936092e-02 5.092105113384015613e-02 1.013881320795217977e-06
4.989211488919873677e-02 4.989314796443999889e-02 1.033075241262115807e-06
4.888164820000688582e-02 4.888269983612192338e-02 1.051636115037557495e-06
4.788841653899771761e-02 4.788948611604382233e-02 1.069577046104719376e-06
4.691220041584989037e-02 4.691328732743116348e-02 1.086911581273108940e-06
4.595278152591326937e-02 4.595388517961318531e-02 1.103653699915940756e-06
4.500994277938217408e-02 4.501106259718790081e-02 1.119817805726730509e-06
4.408346832959930683e-02 4.408460374831668638e-02 1.135418717379543807e-06
4.317314360049474137e-02 4.317429407215467307e-02 1.150471659931706636e-06
4.227875531316448166e-02 4.227992030541793955e-02 1.164992253457897142e-06
4.140009151159365630e-02 4.140127050809949694e-02 1.178996505840634867e-06
4.053694158752931681e-02 4.053813408833117915e-02 1.192500801862339532e-06
3.968909630450866838e-02 3.969030182640165272e-02 1.205521892984340315e-06
3.885634782104825657e-02 3.885756589793720739e-02 1.218076888950814229e-06
3.803848971300034798e-02 3.803971989624677086e-02 1.230183246422877907e-06
3.723531699508281223e-02 3.723655885384202779e-02 1.241858759215563879e-06
3.644662614158911823e-02 3.644787926313708404e-02 1.253121547965807547e-06
3.567221510628523773e-02 3.567347909633522551e-02 1.263990049987784303e-06
3.491188334150072820e-02 3.491315782450910010e-02 1.274483008371907200e-06
3.416543181642115595e-02 3.416671643588309326e-02 1.284619461937308582e-06
3.343266303458957561e-02 3.343395745332389257e-02 1.294418734316959974e-06
3.271338105062479573e-02 3.271468495104837976e-02 1.303900423584025692e-06
3.200739148616443125e-02 3.200870457055510904e-02 1.313084390677787816e-06
3.131450154504101385e-02 3.131582353578966221e-02 1.321990748648360636e-06
3.063452002769952512e-02 3.063585066755225225e-02 1.330639852727133476e-06
2.996725734486496359e-02 2.996859639715280035e-02 1.339052287836761668e-06
2.931252553046870615e-02 2.931387277932684735e-02 1.347248858141192329e-06
2.867013825384270159e-02 2.867149350441917585e-02 1.355250576474259505e-06
2.803991083119046143e-02 2.804127390984202661e-02 1.363078651565180488e-06
2.742166023634430225e-02 2.742303099082281023e-02 1.370754478507985041e-06
2.681520511081809249e-02 2.681658341044372215e-02 1.378299625629658687e-06
2.622036577316521483e-02 2.622175150899005644e-02 1.385735824841610730e-06
2.563696422765125715e-02 2.563835731261010845e-02 1.393084958851292798e-06
2.535089419995131127e-02 2.535089419995131127e-02 0.000000000000000000e+00
 
Maximum error = 5.239595197881197e-06 at time = 1.000048828125
 
